9 55
12 1008
12 1218
14 312
14 1115
21 408
22 548
23 564
34 250
34 126
42 463
47 1195
49 1220
55 174
60 647
59 987
63 521
72 30
82 1129
89 131
96 1223
103 564
105 757
113 655
115 954
119 1042
130 1119
128 842
130 95
140 27
142 596
161 1160
169 953
180 27
181 890
186 1023
194 1089
202 1210
225 51
224 975
230 918
237 1032
243 1216
253 1120
267 18
287 979
289 1047
291 1167
315 973
318 1053
325 1159
340 979
346 14
351 1061
359 1157
380 961
409 25
410 956
412 1052
416 1147
421 1219
438 1044
443 1142
445 960
451 53
460 1214
465 1050
475 1142
503 1219
509 945
515 18
521 91
528 1036
537 1137
550 1216
554 118
557 944
562 559
568 1029
570 844
579 1129
581 34
595 605
594 790
595 1016
598 727
598 935
601 112
601 1211
600 515
610 1122
614 183
626 679
628 850
641 42
641 264
643 357
647 563
652 125
658 468
661 637
660 781
663 1015
668 1202
675 349
677 217
677 889
678 1110
689 745
696 629
698 832
698 1010
698 1199
700 76
703 471
704 341
707 894
710 226
710 752
716 1100
