91 295
100 379
108 440
133 217
136 328
146 430
166 505
178 269
182 168
185 694
182 370
206 447
212 802
234 336
241 669
242 221
243 587
248 116
260 413
266 765
265 538
278 171
280 867
295 318
300 589
307 233
318 690
316 395
317 544
330 776
329 99
331 477
345 875
356 271
359 180
359 399
357 604
383 337
383 544
392 700
394 779
400 869
406 122
410 248
407 464
410 590
414 301
424 393
439 665
439 544
447 791
450 846
456 737
461 288
464 200
468 461
485 592
484 398
498 641
507 815
509 743
513 498
525 339
536 244
543 698
549 446
